44664
44184
43477.5
42632
42194.5
41946.5
41480
41013.5
40949.5
41160
41594.5
41936
41589.5
41277.5
40912
40000
38992
38786.5
39328
40149.5
41245.5
42482.5
43533
44610.5
45941.5
46725.5
47002.5
47277
47981
49322.5
50472
50842.5
50349
47504
42037.5
39112
45445.5
62432
91240
142987
240296
429589
735834.5
1116445.5
1482139
1706029.5
1715394.5
1608730.5
1565978.5
1656408
1815424
1984090.5
2288544
2801162.5
3274280
3513325.5
3554440
3445200
3184362.5
2802992
2520133.5
2885981.5
4152075
5613800
6203400
5683789.5
5022909.5
5058893.5
5548552
5934109.5
6079427
6161320
6309928
6498195
6634941.5
6669002.5
6632106.5
6599853.5
6607805.5
6616936
6563498.5
6428856
6251976
6075154.5
5883493.5
5632896
5349125
5093605
4893074.5
4825848
4880056
4844989.5
4501621.5
3835440
3193261.5
2957747
3103568
3317442.5
3394666.5
3374706.5
3371797.5
3431176
3536696
3649592
3722997
3745120
3759165.5
3811418.5
3893130.5
3954037.5
3971040
3975469
4000176
4021016
3951794.5
3698488
3282493.5
2880411
2698883
2749243
2815989.5
2742389.5
2553173.5
2310760
2039168
1789149.5
1652760
1653392
1699811
1701779
1673973.5
1661877.5
1578453.5
1283114.5
872482.5
528757.5
277040
128618.5
81738.5
75128
62280
32069
-7965.5
-49773.5
-89672
-124261
-151328
-172379
-190688
-206581
-218898.5
-227800
-234194.5
-238741
-241570.5
-242949.5
-243147
-242317.5
-238962.5
-232813
-226514.5
-223061.5
-219171
-211331
-196333.5
-151288
-93464
-83672
-117888
-141645.5
-134211
-115363
-105005.5
-103210.5
-101101
-94080
-83437.5
-71472
-58816
-46133.5
-35651
-30155
-28925.5
-29296
-29088
-26482.5
-22328
-18483
-14819
-10979
-7573.5
-5714.5
-5128
-5099
-5419
-5739
-5792
-5312
-4299
-2640
189.5
4242.5
8858.5
12802.5
15413
16690.5
16634.5
16314.5
16258.5
16202.5
15616
14493.5
13104
11184
8995
6235
2120
-2568
-5085
-2933
5613.5
25706.5
70218.5
157637.5
315720
547173
732893
720645
560288
435824
389573
340770.5
304597.5
356467
452336
490080
475453.5
489482.5
530096
487427
334720
187957
124309
115496
134781.5
190674.5
253890.5
280394.5
290530.5
320832
349493.5
342296
313736
299803
308296
318456
314152
297592
273552
232810.5
166288
94626.5
55280
53691
61373.5
56330.5
39525
23653
14728
9051
3141.5
-4904
-15928
-28202.5
-32130.5
-12450.5
21941.5
35690.5
19378.5
-290.5
-4888
-616
760
565
8333
25474.5
38472
34018.5
18674.5
8293.5
7747
10120
8992
5301.5
7066.5
8992
5301.5
6976
8293.5
7747

