   5.2083333e-04   1.0416667e-03
   1.5625000e-03   1.0416667e-03
   2.6041667e-03   1.0416667e-03
   3.6458333e-03   1.0416667e-03
   4.6875000e-03   1.0416667e-03
   5.7291667e-03   1.0416667e-03
   6.7708333e-03   1.0416667e-03
   7.8125000e-03   1.0416667e-03
   8.8541667e-03   1.0416667e-03
   9.8958333e-03   1.0416667e-03
   1.0937500e-02   1.0416667e-03
   1.1979167e-02   1.0416667e-03
   1.3020833e-02   1.0416667e-03
   1.4062500e-02   1.0416667e-03
   1.5104167e-02   1.0416667e-03
   1.6145833e-02   1.0416667e-03
   1.7187500e-02   1.0416667e-03
   1.8229167e-02   1.0416667e-03
   1.9270833e-02   1.0416667e-03
   2.0312500e-02   1.0416667e-03
   2.1354167e-02   1.0416667e-03
   2.2395833e-02   1.0416667e-03
   2.3437500e-02   1.0416667e-03
   2.4479167e-02   1.0416667e-03
   2.5520833e-02   1.0416667e-03
   2.6562500e-02   1.0416667e-03
   2.7604167e-02   1.0416667e-03
   2.8645833e-02   1.0416667e-03
   2.9687500e-02   1.0416667e-03
   3.0729167e-02   1.0416667e-03
   3.1770833e-02   1.0416667e-03
   3.2812500e-02   1.0416667e-03
   3.3854167e-02   1.0416667e-03
   3.4895833e-02   1.0416667e-03
   3.5937500e-02   1.0416667e-03
   3.6979167e-02   1.0416667e-03
   3.8020833e-02   1.0416667e-03
   3.9062500e-02   1.0416667e-03
   4.0104167e-02   1.0416667e-03
   4.1145833e-02   1.0416667e-03
   4.2187500e-02   1.0416667e-03
   4.3229167e-02   1.0416667e-03
   4.4270833e-02   1.0416667e-03
   4.5312500e-02   1.0416667e-03
   4.6354167e-02   1.0416667e-03
   4.7395833e-02   1.0416667e-03
   4.8437500e-02   1.0416667e-03
   4.9479167e-02   1.0416667e-03
   5.0520833e-02   1.0416667e-03
   5.1562500e-02   1.0416667e-03
   5.2604167e-02   1.0416667e-03
   5.3645833e-02   1.0416667e-03
   5.4687500e-02   1.0416667e-03
   5.5729167e-02   1.0416667e-03
   5.6770833e-02   1.0416667e-03
   5.7812500e-02   1.0416667e-03
   5.8854167e-02   1.0416667e-03
   5.9895833e-02   1.0416667e-03
   6.0937500e-02   1.0416667e-03
   6.1979167e-02   1.0416667e-03
   6.3020833e-02   1.0416667e-03
   6.4062500e-02   1.0416667e-03
   6.5104167e-02   1.0416667e-03
   6.6145833e-02   1.0416667e-03
   6.7187500e-02   1.0416667e-03
   6.8229167e-02   1.0416667e-03
   6.9270833e-02   1.0416667e-03
   7.0312500e-02   1.0416667e-03
   7.1354167e-02   1.0416667e-03
   7.2395833e-02   1.0416667e-03
   7.3437500e-02   1.0416667e-03
   7.4479167e-02   1.0416667e-03
   7.5520833e-02   1.0416667e-03
   7.6562500e-02   1.0416667e-03
   7.7604167e-02   1.0416667e-03
   7.8645833e-02   1.0416667e-03
   7.9687500e-02   1.0416667e-03
   8.0729167e-02   1.0416667e-03
   8.1770833e-02   1.0416667e-03
   8.2812500e-02   1.0416667e-03
   8.3854167e-02   1.0416667e-03
   8.4895833e-02   1.0416667e-03
   8.5937500e-02   1.0416667e-03
   8.6979167e-02   1.0416667e-03
   8.8020833e-02   1.0416667e-03
   8.9062500e-02   1.0416667e-03
   9.0104167e-02   1.0416667e-03
   9.1145833e-02   1.0416667e-03
   9.2187500e-02   1.0416667e-03
   9.3229167e-02   1.0416667e-03
   9.4270833e-02   1.0416667e-03
   9.5312500e-02   1.0416667e-03
   9.6354167e-02   1.0416667e-03
   9.7395833e-02   1.0416667e-03
   9.8437500e-02   1.0416667e-03
   9.9479167e-02   1.0416667e-03
   1.0036458e-01   7.2916667e-04
   1.0109375e-01   7.2916666e-04
   1.0182292e-01   7.2916667e-04
   1.0255208e-01   7.2916667e-04
   1.0328125e-01   7.2916666e-04
   1.0401042e-01   7.2916667e-04
   1.0473958e-01   7.2916667e-04
   1.0546875e-01   7.2916666e-04
   1.0619792e-01   7.2916667e-04
   1.0692708e-01   7.2916667e-04
   1.0765625e-01   7.2916666e-04
   1.0838542e-01   7.2916667e-04
   1.0911458e-01   7.2916667e-04
   1.0984375e-01   7.2916666e-04
   1.1057292e-01   7.2916667e-04
   1.1130208e-01   7.2916667e-04
   1.1203125e-01   7.2916666e-04
   1.1276042e-01   7.2916667e-04
   1.1348958e-01   7.2916667e-04
   1.1421875e-01   7.2916666e-04
   1.1494792e-01   7.2916667e-04
   1.1567708e-01   7.2916667e-04
   1.1640625e-01   7.2916666e-04
   1.1713542e-01   7.2916667e-04
   1.1786458e-01   7.2916667e-04
   1.1859375e-01   7.2916666e-04
   1.1932292e-01   7.2916667e-04
   1.2005208e-01   7.2916667e-04
   1.2078125e-01   7.2916666e-04
   1.2151042e-01   7.2916667e-04
   1.2223958e-01   7.2916667e-04
   1.2296875e-01   7.2916666e-04
   1.2369792e-01   7.2916667e-04
   1.2442708e-01   7.2916667e-04
   1.2515625e-01   7.2916666e-04
   1.2588542e-01   7.2916667e-04
   1.2661458e-01   7.2916667e-04
   1.2734375e-01   7.2916666e-04
   1.2807292e-01   7.2916667e-04
   1.2880208e-01   7.2916667e-04
   1.2953125e-01   7.2916666e-04
   1.3026042e-01   7.2916667e-04
   1.3098958e-01   7.2916667e-04
   1.3171875e-01   7.2916666e-04
   1.3244792e-01   7.2916667e-04
   1.3317708e-01   7.2916667e-04
   1.3390625e-01   7.2916666e-04
   1.3463542e-01   7.2916667e-04
   1.3536458e-01   7.2916667e-04
   1.3609375e-01   7.2916666e-04
   1.3682292e-01   7.2916667e-04
   1.3755208e-01   7.2916667e-04
   1.3828125e-01   7.2916666e-04
   1.3901042e-01   7.2916667e-04
   1.3973958e-01   7.2916667e-04
   1.4046875e-01   7.2916666e-04
   1.4119792e-01   7.2916667e-04
   1.4192708e-01   7.2916667e-04
   1.4265625e-01   7.2916666e-04
   1.4338542e-01   7.2916667e-04
   1.4411458e-01   7.2916667e-04
   1.4484375e-01   7.2916666e-04
   1.4557292e-01   7.2916667e-04
   1.4630208e-01   7.2916667e-04
   1.4703125e-01   7.2916666e-04
   1.4776042e-01   7.2916667e-04
   1.4848958e-01   7.2916667e-04
   1.4921875e-01   7.2916666e-04
   1.4994792e-01   7.2916667e-04
   1.5067708e-01   7.2916667e-04
   1.5140625e-01   7.2916666e-04
   1.5213542e-01   7.2916667e-04
   1.5286458e-01   7.2916667e-04
   1.5359375e-01   7.2916666e-04
   1.5432292e-01   7.2916667e-04
   1.5505208e-01   7.2916667e-04
   1.5578125e-01   7.2916666e-04
   1.5651042e-01   7.2916667e-04
   1.5723958e-01   7.2916667e-04
   1.5796875e-01   7.2916666e-04
   1.5869792e-01   7.2916667e-04
   1.5942708e-01   7.2916667e-04
   1.6015625e-01   7.2916666e-04
   1.6088542e-01   7.2916667e-04
   1.6161458e-01   7.2916667e-04
   1.6234375e-01   7.2916666e-04
   1.6307292e-01   7.2916667e-04
   1.6380208e-01   7.2916667e-04
   1.6453125e-01   7.2916666e-04
   1.6526042e-01   7.2916667e-04
   1.6598958e-01   7.2916667e-04
   1.6671875e-01   7.2916666e-04
   1.6744792e-01   7.2916667e-04
   1.6817708e-01   7.2916667e-04
   1.6890625e-01   7.2916666e-04
   1.6963542e-01   7.2916667e-04
   1.7026042e-01   5.2083333e-04
   1.7078125e-01   5.2083334e-04
   1.7130208e-01   5.2083333e-04
   1.7182292e-01   5.2083333e-04
   1.7234375e-01   5.2083334e-04
   1.7286458e-01   5.2083333e-04
   1.7338542e-01   5.2083333e-04
   1.7390625e-01   5.2083334e-04
   1.7442708e-01   5.2083333e-04
   1.7494792e-01   5.2083333e-04
   1.7546875e-01   5.2083334e-04
   1.7598958e-01   5.2083333e-04
   1.7651042e-01   5.2083333e-04
   1.7703125e-01   5.2083334e-04
   1.7755208e-01   5.2083333e-04
   1.7807292e-01   5.2083333e-04
   1.7859375e-01   5.2083334e-04
   1.7911458e-01   5.2083333e-04
   1.7963542e-01   5.2083333e-04
   1.8015625e-01   5.2083334e-04
   1.8067708e-01   5.2083333e-04
   1.8119792e-01   5.2083333e-04
   1.8171875e-01   5.2083334e-04
   1.8223958e-01   5.2083333e-04
   1.8276042e-01   5.2083333e-04
   1.8328125e-01   5.2083334e-04
   1.8380208e-01   5.2083333e-04
   1.8432292e-01   5.2083333e-04
   1.8484375e-01   5.2083334e-04
   1.8536458e-01   5.2083333e-04
   1.8588542e-01   5.2083333e-04
   1.8640625e-01   5.2083334e-04
   1.8692708e-01   5.2083333e-04
   1.8744792e-01   5.2083333e-04
   1.8796875e-01   5.2083334e-04
   1.8848958e-01   5.2083333e-04
   1.8901042e-01   5.2083333e-04
   1.8953125e-01   5.2083334e-04
   1.9005208e-01   5.2083333e-04
   1.9057292e-01   5.2083333e-04
   1.9109375e-01   5.2083334e-04
   1.9161458e-01   5.2083333e-04
   1.9213542e-01   5.2083333e-04
   1.9265625e-01   5.2083334e-04
   1.9317708e-01   5.2083333e-04
   1.9369792e-01   5.2083333e-04
   1.9421875e-01   5.2083334e-04
   1.9473958e-01   5.2083333e-04
   1.9526042e-01   5.2083333e-04
   1.9578125e-01   5.2083334e-04
   1.9630208e-01   5.2083333e-04
   1.9682292e-01   5.2083333e-04
   1.9734375e-01   5.2083334e-04
   1.9786458e-01   5.2083333e-04
   1.9838542e-01   5.2083333e-04
   1.9890625e-01   5.2083334e-04
   1.9942708e-01   5.2083333e-04
   1.9994792e-01   5.2083333e-04
   2.0046875e-01   5.2083334e-04
   2.0098958e-01   5.2083333e-04
   2.0151042e-01   5.2083333e-04
   2.0203125e-01   5.2083334e-04
   2.0255208e-01   5.2083333e-04
   2.0307292e-01   5.2083333e-04
   2.0359375e-01   5.2083334e-04
   2.0411458e-01   5.2083333e-04
   2.0463542e-01   5.2083333e-04
   2.0515625e-01   5.2083334e-04
   2.0567708e-01   5.2083333e-04
   2.0619792e-01   5.2083333e-04
   2.0671875e-01   5.2083334e-04
   2.0723958e-01   5.2083333e-04
   2.0776042e-01   5.2083333e-04
   2.0828125e-01   5.2083334e-04
   2.0880208e-01   5.2083333e-04
   2.0932292e-01   5.2083333e-04
   2.0984375e-01   5.2083334e-04
   2.1036458e-01   5.2083333e-04
   2.1088542e-01   5.2083333e-04
   2.1140625e-01   5.2083334e-04
   2.1192708e-01   5.2083333e-04
   2.1244792e-01   5.2083333e-04
   2.1296875e-01   5.2083334e-04
   2.1348958e-01   5.2083333e-04
   2.1401042e-01   5.2083333e-04
   2.1453125e-01   5.2083334e-04
   2.1505208e-01   5.2083333e-04
   2.1557292e-01   5.2083333e-04
   2.1609375e-01   5.2083334e-04
   2.1661458e-01   5.2083333e-04
   2.1713542e-01   5.2083333e-04
   2.1765625e-01   5.2083334e-04
   2.1817708e-01   5.2083333e-04
   2.1869792e-01   5.2083333e-04
   2.1921875e-01   5.2083334e-04
   2.1973958e-01   5.2083333e-04
   2.2067708e-01   1.3541667e-03
   2.2203125e-01   1.3541667e-03
   2.2338542e-01   1.3541667e-03
   2.2473958e-01   1.3541667e-03
   2.2609375e-01   1.3541667e-03
   2.2744792e-01   1.3541667e-03
   2.2880208e-01   1.3541667e-03
   2.3015625e-01   1.3541667e-03
   2.3151042e-01   1.3541667e-03
   2.3286458e-01   1.3541667e-03
   2.3421875e-01   1.3541667e-03
   2.3557292e-01   1.3541667e-03
   2.3692708e-01   1.3541667e-03
   2.3828125e-01   1.3541667e-03
   2.3963542e-01   1.3541667e-03
   2.4098958e-01   1.3541667e-03
   2.4234375e-01   1.3541667e-03
   2.4369792e-01   1.3541667e-03
   2.4505208e-01   1.3541667e-03
   2.4640625e-01   1.3541667e-03
   2.4776042e-01   1.3541667e-03
   2.4911458e-01   1.3541667e-03
   2.5046875e-01   1.3541667e-03
   2.5182292e-01   1.3541667e-03
   2.5317708e-01   1.3541667e-03
   2.5453125e-01   1.3541667e-03
   2.5588542e-01   1.3541667e-03
   2.5723958e-01   1.3541667e-03
   2.5859375e-01   1.3541667e-03
   2.5994792e-01   1.3541667e-03
   2.6130208e-01   1.3541667e-03
   2.6265625e-01   1.3541667e-03
   2.6401042e-01   1.3541667e-03
   2.6536458e-01   1.3541667e-03
   2.6671875e-01   1.3541667e-03
   2.6807292e-01   1.3541667e-03
   2.6942708e-01   1.3541667e-03
   2.7078125e-01   1.3541667e-03
   2.7213542e-01   1.3541667e-03
   2.7348958e-01   1.3541667e-03
   2.7484375e-01   1.3541667e-03
   2.7619792e-01   1.3541667e-03
   2.7755208e-01   1.3541667e-03
   2.7890625e-01   1.3541667e-03
   2.8026042e-01   1.3541667e-03
   2.8161458e-01   1.3541667e-03
   2.8296875e-01   1.3541667e-03
   2.8432292e-01   1.3541667e-03
   2.8567708e-01   1.3541667e-03
   2.8703125e-01   1.3541667e-03
   2.8838542e-01   1.3541667e-03
   2.8973958e-01   1.3541667e-03
   2.9109375e-01   1.3541667e-03
   2.9244792e-01   1.3541667e-03
   2.9380208e-01   1.3541667e-03
   2.9515625e-01   1.3541667e-03
   2.9651042e-01   1.3541667e-03
   2.9786458e-01   1.3541667e-03
   2.9921875e-01   1.3541667e-03
   3.0057292e-01   1.3541667e-03
   3.0192708e-01   1.3541667e-03
   3.0328125e-01   1.3541667e-03
   3.0463542e-01   1.3541667e-03
   3.0598958e-01   1.3541667e-03
   3.0734375e-01   1.3541667e-03
   3.0869792e-01   1.3541667e-03
   3.1005208e-01   1.3541667e-03
   3.1140625e-01   1.3541667e-03
   3.1276042e-01   1.3541667e-03
   3.1411458e-01   1.3541667e-03
   3.1546875e-01   1.3541667e-03
   3.1682292e-01   1.3541667e-03
   3.1817708e-01   1.3541667e-03
   3.1953125e-01   1.3541667e-03
   3.2088542e-01   1.3541667e-03
   3.2223958e-01   1.3541667e-03
   3.2359375e-01   1.3541667e-03
   3.2494792e-01   1.3541667e-03
   3.2630208e-01   1.3541667e-03
   3.2765625e-01   1.3541667e-03
   3.2901042e-01   1.3541667e-03
   3.3036458e-01   1.3541667e-03
   3.3171875e-01   1.3541667e-03
   3.3307292e-01   1.3541667e-03
   3.3442708e-01   1.3541667e-03
   3.3578125e-01   1.3541667e-03
   3.3713542e-01   1.3541667e-03
   3.3848958e-01   1.3541667e-03
   3.3984375e-01   1.3541667e-03
   3.4119792e-01   1.3541667e-03
   3.4255208e-01   1.3541667e-03
   3.4390625e-01   1.3541667e-03
   3.4526042e-01   1.3541667e-03
   3.4661458e-01   1.3541667e-03
   3.4796875e-01   1.3541667e-03
   3.4932292e-01   1.3541667e-03
   3.5063223e-01   1.2644592e-03
   3.5190051e-01   1.2720918e-03
   3.5317644e-01   1.2797704e-03
   3.5446007e-01   1.2874954e-03
   3.5575145e-01   1.2952670e-03
   3.5705063e-01   1.3030855e-03
   3.5835764e-01   1.3109512e-03
   3.5967255e-01   1.3188644e-03
   3.6099540e-01   1.3268254e-03
   3.6232623e-01   1.3348343e-03
   3.6366509e-01   1.3428917e-03
   3.6501204e-01   1.3509977e-03
   3.6636711e-01   1.3591526e-03
   3.6773037e-01   1.3673567e-03
   3.6910185e-01   1.3756104e-03
   3.7048161e-01   1.3839139e-03
   3.7186970e-01   1.3922675e-03
   3.7326617e-01   1.4006715e-03
   3.7467107e-01   1.4091263e-03
   3.7608445e-01   1.4176321e-03
   3.7750636e-01   1.4261892e-03
   3.7893685e-01   1.4347980e-03
   3.8037598e-01   1.4434588e-03
   3.8182380e-01   1.4521718e-03
   3.8328035e-01   1.4609374e-03
   3.8474570e-01   1.4697559e-03
   3.8621989e-01   1.4786277e-03
   3.8770298e-01   1.4875530e-03
   3.8919502e-01   1.4965322e-03
   3.9069607e-01   1.5055656e-03
   3.9220618e-01   1.5146535e-03
   3.9372541e-01   1.5237963e-03
   3.9525380e-01   1.5329943e-03
   3.9679142e-01   1.5422478e-03
   3.9833833e-01   1.5515571e-03
   3.9989457e-01   1.5609227e-03
   4.0146020e-01   1.5703447e-03
   4.0303528e-01   1.5798237e-03
   4.0461987e-01   1.5893598e-03
   4.0621403e-01   1.5989535e-03
   4.0781781e-01   1.6086052e-03
   4.0943127e-01   1.6183151e-03
   4.1105447e-01   1.6280836e-03
   4.1268747e-01   1.6379110e-03
   4.1433032e-01   1.6477978e-03
   4.1598309e-01   1.6577443e-03
   4.1764584e-01   1.6677508e-03
   4.1931862e-01   1.6778177e-03
   4.2100151e-01   1.6879454e-03
   4.2269455e-01   1.6981342e-03
   4.2439781e-01   1.7083845e-03
   4.2611135e-01   1.7186967e-03
   4.2783523e-01   1.7290711e-03
   4.2956952e-01   1.7395081e-03
   4.3131428e-01   1.7500082e-03
   4.3306957e-01   1.7605716e-03
   4.3483545e-01   1.7711988e-03
   4.3661200e-01   1.7818901e-03
   4.3839927e-01   1.7926460e-03
   4.4019732e-01   1.8034668e-03
   4.4200623e-01   1.8143529e-03
   4.4382606e-01   1.8253048e-03
   4.4565687e-01   1.8363227e-03
   4.4749874e-01   1.8474071e-03
   4.4935172e-01   1.8585585e-03
   4.5121589e-01   1.8697772e-03
   4.5309131e-01   1.8810635e-03
   4.5497805e-01   1.8924181e-03
   4.5687618e-01   1.9038411e-03
   4.5878577e-01   1.9153331e-03
   4.6070688e-01   1.9268945e-03
   4.6263959e-01   1.9385256e-03
   4.6458397e-01   1.9502270e-03
   4.6654008e-01   1.9619990e-03
   4.6850800e-01   1.9738420e-03
   4.7048780e-01   1.9857566e-03
   4.7247955e-01   1.9977430e-03
   4.7448332e-01   2.0098018e-03
   4.7649919e-01   2.0219334e-03
   4.7852723e-01   2.0341383e-03
   4.8056750e-01   2.0464168e-03
   4.8262010e-01   2.0587694e-03
   4.8468508e-01   2.0711966e-03
   4.8676253e-01   2.0836987e-03
   4.8885251e-01   2.0962764e-03
   4.9095512e-01   2.1089300e-03
   4.9307041e-01   2.1216599e-03
   4.9519848e-01   2.1344667e-03
   4.9733938e-01   2.1473509e-03
   4.9949322e-01   2.1603127e-03
   5.0166005e-01   2.1733528e-03
   5.0383996e-01   2.1864717e-03
   5.0603303e-01   2.1996697e-03
   5.0823934e-01   2.2129474e-03
   5.1045897e-01   2.2263052e-03
   5.1269199e-01   2.2397437e-03
   5.1493850e-01   2.2532633e-03
   5.1719856e-01   2.2668644e-03
   5.1947227e-01   2.2805477e-03
   5.2175970e-01   2.2943136e-03
   5.2406093e-01   2.3081626e-03
   5.2637606e-01   2.3220951e-03
   5.2870517e-01   2.3361118e-03
   5.3104833e-01   2.3502131e-03
   5.3340564e-01   2.3643995e-03
   5.3577717e-01   2.3786715e-03
   5.3816302e-01   2.3930297e-03
   5.4056327e-01   2.4074746e-03
   5.4297801e-01   2.4220066e-03
   5.4540733e-01   2.4366263e-03
   5.4785131e-01   2.4513344e-03
   5.5031004e-01   2.4661311e-03
   5.5278362e-01   2.4810172e-03
   5.5527212e-01   2.4959932e-03
   5.5777565e-01   2.5110596e-03
   5.6029429e-01   2.5262169e-03
   5.6282813e-01   2.5414657e-03
   5.6537726e-01   2.5568065e-03
   5.6794179e-01   2.5722399e-03
   5.7052179e-01   2.5877665e-03
   5.7311737e-01   2.6033869e-03
   5.7572861e-01   2.6191015e-03
   5.7835562e-01   2.6349109e-03
   5.8099848e-01   2.6508158e-03
   5.8365730e-01   2.6668167e-03
   5.8633216e-01   2.6829142e-03
   5.8902317e-01   2.6991089e-03
   5.9173043e-01   2.7154013e-03
   5.9445403e-01   2.7317920e-03
   5.9719406e-01   2.7482817e-03
   5.9995064e-01   2.7648709e-03
   6.0272386e-01   2.7815603e-03
   6.0551381e-01   2.7983504e-03
   6.0832061e-01   2.8152419e-03
   6.1114435e-01   2.8322353e-03
   6.1398513e-01   2.8493313e-03
   6.1684306e-01   2.8665304e-03
   6.1971824e-01   2.8838334e-03
   6.2261078e-01   2.9012409e-03
   6.2552078e-01   2.9187534e-03
   6.2844834e-01   2.9363716e-03
   6.3139357e-01   2.9540962e-03
   6.3435658e-01   2.9719278e-03
   6.3733748e-01   2.9898670e-03
   6.4033637e-01   3.0079145e-03
   6.4335337e-01   3.0260709e-03
   6.4638857e-01   3.0443369e-03
   6.4944209e-01   3.0627132e-03
   6.5251405e-01   3.0812004e-03
   6.5560455e-01   3.0997992e-03
   6.5871371e-01   3.1185103e-03
   6.6184163e-01   3.1373342e-03
   6.6498843e-01   3.1562719e-03
   6.6815423e-01   3.1753238e-03
   6.7133914e-01   3.1944908e-03
   6.7454327e-01   3.2137734e-03
   6.7776674e-01   3.2331724e-03
   6.8100967e-01   3.2526886e-03
   6.8427218e-01   3.2723225e-03
   6.8755438e-01   3.2920750e-03
   6.9085639e-01   3.3119467e-03
   6.9417833e-01   3.3319383e-03
   6.9752032e-01   3.3520506e-03
   7.0088249e-01   3.3722843e-03
   7.0426495e-01   3.3926401e-03
   7.0766783e-01   3.4131188e-03
   7.1109125e-01   3.4337212e-03
   7.1453534e-01   3.4544479e-03
   7.1800021e-01   3.4752997e-03
   7.2148600e-01   3.4962773e-03
   7.2499283e-01   3.5173816e-03
   7.2852083e-01   3.5386133e-03
   7.3207012e-01   3.5599731e-03
   7.3564084e-01   3.5814619e-03
   7.3923311e-01   3.6030804e-03
   7.4284706e-01   3.6248294e-03
   7.4648283e-01   3.6467096e-03
   7.5014055e-01   3.6687219e-03
   7.5382034e-01   3.6908671e-03
   7.5752235e-01   3.7131460e-03
   7.6124670e-01   3.7355594e-03
   7.6499354e-01   3.7581080e-03
   7.6876299e-01   3.7807928e-03
   7.7255519e-01   3.8036145e-03
   7.7637028e-01   3.8265739e-03
   7.8020841e-01   3.8496719e-03
   7.8406970e-01   3.8729094e-03
   7.8795430e-01   3.8962871e-03
   7.9186234e-01   3.9198060e-03
   7.9579398e-01   3.9434668e-03
   7.9974935e-01   3.9672704e-03
   8.0372859e-01   3.9912177e-03
   8.0773185e-01   4.0153095e-03
   8.1175928e-01   4.0395468e-03
   8.1581102e-01   4.0639304e-03
   8.1988722e-01   4.0884612e-03
   8.2398802e-01   4.1131400e-03
   8.2811357e-01   4.1379678e-03
   8.3226403e-01   4.1629455e-03
   8.3643954e-01   4.1880739e-03
   8.4064025e-01   4.2133541e-03
   8.4486632e-01   4.2387868e-03
   8.4911790e-01   4.2643730e-03
   8.5339515e-01   4.2901137e-03
   8.5769821e-01   4.3160098e-03
   8.6202724e-01   4.3420621e-03
   8.6638241e-01   4.3682718e-03
   8.7076387e-01   4.3946396e-03
   8.7517177e-01   4.4211666e-03
   8.7960628e-01   4.4478537e-03
   8.8406756e-01   4.4747019e-03
   8.8855576e-01   4.5017122e-03
   8.9307106e-01   4.5288855e-03
   8.9761362e-01   4.5562229e-03
   9.0218359e-01   4.5837252e-03
   9.0678115e-01   4.6113936e-03
   9.1140646e-01   4.6392290e-03
   9.1605969e-01   4.6672323e-03
   9.2074101e-01   4.6954048e-03
   9.2545059e-01   4.7237473e-03
   9.3018859e-01   4.7522608e-03
   9.3495520e-01   4.7809465e-03
   9.3975057e-01   4.8098053e-03
   9.4457489e-01   4.8388384e-03
   9.4942834e-01   4.8680466e-03
   9.5431107e-01   4.8974312e-03
   9.5922329e-01   4.9269932e-03
   9.6416515e-01   4.9567336e-03
   9.6913684e-01   4.9866535e-03
   9.7413855e-01   5.0167540e-03
   9.7917044e-01   5.0470363e-03
   9.8423271e-01   5.0775013e-03
   9.8932554e-01   5.1081502e-03
   9.9444910e-01   5.1389841e-03
   9.9960360e-01   5.1700041e-03
   1.0047892e+00   5.2012113e-03
   1.0100061e+00   5.2326070e-03
   1.0152545e+00   5.2641922e-03
   1.0205346e+00   5.2959679e-03
   1.0258465e+00   5.3279356e-03
   1.0311906e+00   5.3600962e-03
   1.0365668e+00   5.3924508e-03
   1.0419756e+00   5.4250009e-03
   1.0474169e+00   5.4577473e-03
   1.0528912e+00   5.4906915e-03
   1.0583984e+00   5.5238345e-03
   1.0639389e+00   5.5571776e-03
   1.0695129e+00   5.5907219e-03
   1.0751205e+00   5.6244687e-03
   1.0807619e+00   5.6584192e-03
   1.0864374e+00   5.6925747e-03
   1.0921472e+00   5.7269363e-03
   1.0978914e+00   5.7615053e-03
   1.1036703e+00   5.7962830e-03
   1.1094841e+00   5.8312706e-03
   1.1153329e+00   5.8664695e-03
   1.1212171e+00   5.9018808e-03
   1.1271368e+00   5.9375057e-03
   1.1330922e+00   5.9733459e-03
   1.1390836e+00   6.0094023e-03
   1.1451111e+00   6.0456763e-03
   1.1511751e+00   6.0821693e-03
   1.1572756e+00   6.1188827e-03
   1.1634129e+00   6.1558175e-03
   1.1695873e+00   6.1929754e-03
   1.1757990e+00   6.2303575e-03
   1.1820482e+00   6.2679654e-03
   1.1883350e+00   6.3058001e-03
   1.1946599e+00   6.3438633e-03
   1.2010229e+00   6.3821563e-03
   1.2074243e+00   6.4206803e-03
   1.2138644e+00   6.4594370e-03
   1.2203433e+00   6.4984275e-03
   1.2268613e+00   6.5376534e-03
   1.2334187e+00   6.5771162e-03
   1.2400157e+00   6.6168170e-03
   1.2466525e+00   6.6567576e-03
   1.2533293e+00   6.6969392e-03
   1.2600465e+00   6.7373634e-03
   1.2668042e+00   6.7780316e-03
   1.2736027e+00   6.8189453e-03
   1.2804422e+00   6.8601059e-03
   1.2873230e+00   6.9015149e-03
   1.2942453e+00   6.9431741e-03
   1.3012095e+00   6.9850845e-03
   1.3082156e+00   7.0272480e-03
   1.3152641e+00   7.0696661e-03
   1.3223551e+00   7.1123400e-03
   1.3294889e+00   7.1552717e-03
   1.3366658e+00   7.1984625e-03
   1.3438860e+00   7.2419139e-03
   1.3511497e+00   7.2856278e-03
   1.3584573e+00   7.3296053e-03
   1.3658091e+00   7.3738485e-03
   1.3732052e+00   7.4183585e-03
   1.3806459e+00   7.4631375e-03
   1.3881316e+00   7.5081865e-03
   1.3956624e+00   7.5535076e-03
   1.4032387e+00   7.5991022e-03
   1.4108608e+00   7.6449720e-03
   1.4185288e+00   7.6911187e-03
   1.4262431e+00   7.7375440e-03
   1.4340040e+00   7.7842495e-03
   1.4418118e+00   7.8312370e-03
   1.4496667e+00   7.8785079e-03
   1.4575689e+00   7.9260644e-03
   1.4655189e+00   7.9739078e-03
   1.4735169e+00   8.0220400e-03
   1.4815632e+00   8.0704629e-03
   1.4896580e+00   8.1191779e-03
   1.4978017e+00   8.1681870e-03
   1.5059945e+00   8.2174919e-03
   1.5142368e+00   8.2670946e-03
   1.5225288e+00   8.3169965e-03
   1.5308709e+00   8.3671997e-03
   1.5392634e+00   8.4177059e-03
   1.5477065e+00   8.4685171e-03
   1.5562006e+00   8.5196348e-03
   1.5647459e+00   8.5710612e-03
   1.5733429e+00   8.6227980e-03
   1.5819917e+00   8.6748471e-03
   1.5906927e+00   8.7272104e-03
   1.5994463e+00   8.7798897e-03
   1.6082526e+00   8.8328870e-03
   1.6171122e+00   8.8862042e-03
   1.6260252e+00   8.9398433e-03
   1.6349920e+00   8.9938062e-03
   1.6440130e+00   9.0480947e-03
   1.6530884e+00   9.1027109e-03
   1.6622186e+00   9.1576569e-03
   1.6714039e+00   9.2129346e-03
   1.6806446e+00   9.2685457e-03
   1.6899411e+00   9.3244928e-03
   1.6992938e+00   9.3807774e-03
   1.7087029e+00   9.4374018e-03
   1.7181687e+00   9.4943681e-03
   1.7276918e+00   9.5516781e-03
   1.7372723e+00   9.6093341e-03
   1.7469106e+00   9.6673381e-03
   1.7566071e+00   9.7256923e-03
   1.7663622e+00   9.7843987e-03
   1.7761761e+00   9.8434594e-03
   1.7860493e+00   9.9028767e-03
   1.7959820e+00   9.9626526e-03
   1.8059747e+00   1.0022789e-02
   1.8160278e+00   1.0083289e-02
   1.8261415e+00   1.0144154e-02
   1.8363163e+00   1.0205386e-02
   1.8465525e+00   1.0266988e-02
   1.8568504e+00   1.0328962e-02
   1.8672106e+00   1.0391310e-02
   1.8776333e+00   1.0454034e-02
   1.8881188e+00   1.0517137e-02
   1.8986677e+00   1.0580621e-02
   1.9092803e+00   1.0644488e-02
   1.9199569e+00   1.0708740e-02
   1.9306979e+00   1.0773380e-02
   1.9415038e+00   1.0838411e-02
   1.9523750e+00   1.0903834e-02
   1.9633117e+00   1.0969652e-02
   1.9743145e+00   1.1035867e-02
   1.9853836e+00   1.1102482e-02
   1.9965196e+00   1.1169499e-02
   2.0077228e+00   1.1236920e-02
   2.0189937e+00   1.1304749e-02
   2.0303325e+00   1.1372987e-02
   2.0417399e+00   1.1441636e-02
   2.0532160e+00   1.1510701e-02
   2.0647615e+00   1.1580182e-02
   2.0763766e+00   1.1650082e-02
   2.0880618e+00   1.1720405e-02
   2.0998176e+00   1.1791152e-02
   2.1116444e+00   1.1862326e-02
   2.1235425e+00   1.1933929e-02
   2.1355124e+00   1.2005965e-02
   2.1475546e+00   1.2078435e-02
   2.1596695e+00   1.2151344e-02
   2.1718575e+00   1.2224692e-02
   2.1841191e+00   1.2298483e-02
   2.1964547e+00   1.2372719e-02
   2.2088648e+00   1.2447403e-02
   2.2213498e+00   1.2522539e-02
   2.2339101e+00   1.2598127e-02
   2.2465462e+00   1.2674172e-02
   2.2592587e+00   1.2750677e-02
   2.2720478e+00   1.2827642e-02
   2.2849142e+00   1.2905073e-02
   2.2978582e+00   1.2982971e-02
   2.3108804e+00   1.3061339e-02
   2.3239811e+00   1.3140180e-02
   2.3371610e+00   1.3219497e-02
   2.3504203e+00   1.3299292e-02
   2.3637598e+00   1.3379570e-02
   2.3771797e+00   1.3460332e-02
   2.3906807e+00   1.3541581e-02
   2.4042631e+00   1.3623321e-02
   2.4179276e+00   1.3705555e-02
   2.4316745e+00   1.3788284e-02
   2.4455044e+00   1.3871513e-02
   2.4594178e+00   1.3955245e-02
   2.4734151e+00   1.4039482e-02
   2.4874970e+00   1.4124227e-02
   2.5016638e+00   1.4209484e-02
   2.5159162e+00   1.4295255e-02
   2.5302546e+00   1.4381545e-02
   2.5446796e+00   1.4468355e-02
   2.5591916e+00   1.4555689e-02
   2.5737912e+00   1.4643550e-02
   2.5884790e+00   1.4731942e-02
   2.6032554e+00   1.4820867e-02
   2.6181210e+00   1.4910329e-02
   2.6330763e+00   1.5000331e-02
   2.6481219e+00   1.5090876e-02
   2.6632583e+00   1.5181968e-02
   2.6784861e+00   1.5273610e-02
   2.6938058e+00   1.5365805e-02
   2.7092180e+00   1.5458556e-02
   2.7247232e+00   1.5551867e-02
   2.7403220e+00   1.5645742e-02
   2.7560150e+00   1.5740183e-02
   2.7718027e+00   1.5835194e-02
   2.7876856e+00   1.5930779e-02
   2.8036645e+00   1.6026940e-02
   2.8197398e+00   1.6123682e-02
   2.8359122e+00   1.6221008e-02
   2.8521821e+00   1.6318922e-02
   2.8685503e+00   1.6417427e-02
   2.8850173e+00   1.6516526e-02
   2.9015836e+00   1.6616223e-02
   2.9182500e+00   1.6716522e-02
   2.9350170e+00   1.6817427e-02
   2.9518852e+00   1.6918940e-02
   2.9688552e+00   1.7021067e-02
   2.9859276e+00   1.7123810e-02
   3.0031031e+00   1.7227173e-02
   3.0203823e+00   1.7331160e-02
   3.0377657e+00   1.7435774e-02
   3.0552541e+00   1.7541020e-02
   3.0728481e+00   1.7646902e-02
   3.0905483e+00   1.7753422e-02
   3.1083553e+00   1.7860586e-02
   3.1262698e+00   1.7968396e-02
   3.1442924e+00   1.8076857e-02
   3.1624238e+00   1.8185973e-02
   3.1806647e+00   1.8295748e-02
   3.1990156e+00   1.8406185e-02
   3.2174774e+00   1.8517289e-02
   3.2360505e+00   1.8629063e-02
   3.2547358e+00   1.8741512e-02
   3.2735339e+00   1.8854640e-02
   3.2924455e+00   1.8968451e-02
   3.3114712e+00   1.9082948e-02
   3.3306117e+00   1.9198137e-02
   3.3498678e+00   1.9314021e-02
   3.3692401e+00   1.9430605e-02
   3.3887293e+00   1.9547892e-02
   3.4083362e+00   1.9665887e-02
   3.4280615e+00   1.9784595e-02
   3.4479058e+00   1.9904019e-02
   3.4678699e+00   2.0024164e-02
   3.4879545e+00   2.0145034e-02
   3.5081603e+00   2.0266634e-02
   3.5284881e+00   2.0388968e-02
   3.5489386e+00   2.0512040e-02
   3.5695126e+00   2.0635855e-02
   3.5902107e+00   2.0760418e-02
   3.6110338e+00   2.0885732e-02
   3.6319825e+00   2.1011803e-02
   3.6530577e+00   2.1138635e-02
   3.6742602e+00   2.1266232e-02
   3.6955906e+00   2.1394600e-02
   3.7170498e+00   2.1523742e-02
   3.7386385e+00   2.1653664e-02
   3.7603575e+00   2.1784370e-02
   3.7822076e+00   2.1915866e-02
   3.8041896e+00   2.2048155e-02
   3.8263043e+00   2.2181242e-02
   3.8485525e+00   2.2315133e-02
   3.8709350e+00   2.2449832e-02
   3.8934526e+00   2.2585344e-02
   3.9161061e+00   2.2721674e-02
   3.9388963e+00   2.2858827e-02
   3.9618242e+00   2.2996808e-02
   3.9848904e+00   2.3135622e-02
   4.0080958e+00   2.3275273e-02
   4.0314413e+00   2.3415768e-02
   4.0549278e+00   2.3557110e-02
   4.0785560e+00   2.3699306e-02
   4.1023268e+00   2.3842360e-02
   4.1262411e+00   2.3986278e-02
   4.1502998e+00   2.4131065e-02
   4.1745037e+00   2.4276725e-02
   4.1988537e+00   2.4423265e-02
   4.2233507e+00   2.4570689e-02
   4.2479955e+00   2.4719003e-02
   4.2727891e+00   2.4868212e-02
   4.2977324e+00   2.5018322e-02
   4.3228262e+00   2.5169338e-02
   4.3480715e+00   2.5321265e-02
   4.3734692e+00   2.5474110e-02
   4.3990202e+00   2.5627877e-02
   4.4247254e+00   2.5782573e-02
   4.4505858e+00   2.5938202e-02
   4.4766023e+00   2.6094771e-02
   4.5027758e+00   2.6252284e-02
   4.5291073e+00   2.6410749e-02
   4.5555978e+00   2.6570170e-02
   4.5822482e+00   2.6730553e-02
   4.6090594e+00   2.6891905e-02
   4.6360325e+00   2.7054230e-02
   4.6631683e+00   2.7217535e-02
   4.6904680e+00   2.7381826e-02
   4.7179325e+00   2.7547109e-02
   4.7455627e+00   2.7713389e-02
   4.7733598e+00   2.7880673e-02
   4.8013246e+00   2.8048967e-02
   4.8294582e+00   2.8218277e-02
   4.8577617e+00   2.8388608e-02
   4.8862359e+00   2.8559968e-02
   4.9148821e+00   2.8732362e-02
   4.9437012e+00   2.8905797e-02
   4.9726942e+00   2.9080279e-02
   5.0018623e+00   2.9255814e-02
   5.0312064e+00   2.9432408e-02
   5.0607276e+00   2.9610069e-02
   5.0904271e+00   2.9788801e-02
   5.1203058e+00   2.9968613e-02
   5.1503648e+00   3.0149510e-02
   5.1806053e+00   3.0331499e-02
   5.2110284e+00   3.0514586e-02
   5.2416351e+00   3.0698779e-02
   5.2724265e+00   3.0884084e-02
   5.3034038e+00   3.1070507e-02
   5.3345681e+00   3.1258055e-02
   5.3659205e+00   3.1446735e-02
   5.3974621e+00   3.1636555e-02
   5.4291941e+00   3.1827520e-02
   5.4611177e+00   3.2019638e-02
   5.4932340e+00   3.2212915e-02
   5.5255441e+00   3.2407359e-02
   5.5580493e+00   3.2602977e-02
   5.5907507e+00   3.2799776e-02
   5.6236495e+00   3.2997762e-02
   5.6567468e+00   3.3196944e-02
   5.6900439e+00   3.3397328e-02
   5.7235421e+00   3.3598922e-02
   5.7572424e+00   3.3801732e-02
   5.7911461e+00   3.4005767e-02
   5.8252545e+00   3.4211033e-02
   5.8595688e+00   3.4417538e-02
   5.8940902e+00   3.4625290e-02
   5.9288200e+00   3.4834296e-02
   5.9637595e+00   3.5044563e-02
   5.9989098e+00   3.5256100e-02
   6.0342723e+00   3.5468913e-02
   6.0698483e+00   3.5683011e-02
   6.1056390e+00   3.5898401e-02
   6.1416457e+00   3.6115092e-02
   6.1778698e+00   3.6333091e-02
   6.2143126e+00   3.6552405e-02
   6.2509753e+00   3.6773043e-02
   6.2878593e+00   3.6995013e-02
   6.3249660e+00   3.7218323e-02
   6.3622966e+00   3.7442981e-02
   6.3998526e+00   3.7668995e-02
   6.4376353e+00   3.7896373e-02
   6.4756460e+00   3.8125124e-02
   6.5138862e+00   3.8355256e-02
   6.5523573e+00   3.8586776e-02
   6.5910605e+00   3.8819694e-02
   6.6299973e+00   3.9054019e-02
   6.6691692e+00   3.9289757e-02
   6.7085776e+00   3.9526919e-02
   6.7482238e+00   3.9765512e-02
   6.7881093e+00   4.0005545e-02
   6.8282356e+00   4.0247027e-02
   6.8686041e+00   4.0489967e-02
   6.9092163e+00   4.0734373e-02
   6.9500736e+00   4.0980255e-02
   6.9911775e+00   4.1227620e-02
   7.0325296e+00   4.1476479e-02
   7.0741312e+00   4.1726840e-02
   7.1159840e+00   4.1978713e-02
   7.1580894e+00   4.2232105e-02
   7.2004490e+00   4.2487027e-02
   7.2430642e+00   4.2743488e-02
   7.2859367e+00   4.3001497e-02
   7.3290680e+00   4.3261064e-02
   7.3724596e+00   4.3522197e-02
   7.4161132e+00   4.3784906e-02
   7.4600302e+00   4.4049202e-02
   7.5042124e+00   4.4315092e-02
   7.5486612e+00   4.4582588e-02
   7.5933784e+00   4.4851698e-02
   7.6383654e+00   4.5122433e-02
   7.6836241e+00   4.5394801e-02
   7.7291559e+00   4.5668814e-02
   7.7749625e+00   4.5944481e-02
   7.8210457e+00   4.6221812e-02
   7.8674070e+00   4.6500817e-02
   7.9140481e+00   4.6781506e-02
   7.9609708e+00   4.7063889e-02
   8.0081768e+00   4.7347977e-02
   8.0556676e+00   4.7633780e-02
   8.1034452e+00   4.7921308e-02
   8.1515111e+00   4.8210571e-02
   8.1998672e+00   4.8501580e-02
   8.2485152e+00   4.8794347e-02
   8.2974568e+00   4.9088880e-02
   8.3466938e+00   4.9385191e-02
   8.3962281e+00   4.9683291e-02
   8.4460613e+00   4.9983190e-02
   8.4961953e+00   5.0284899e-02
   8.5466320e+00   5.0588430e-02
   8.5973731e+00   5.0893793e-02
   8.6484205e+00   5.1200999e-02
   8.6997760e+00   5.1510059e-02
   8.7514416e+00   5.1820985e-02
   8.8034190e+00   5.2133788e-02
   8.8557101e+00   5.2448478e-02
   8.9083169e+00   5.2765069e-02
   8.9612412e+00   5.3083570e-02
   9.0144850e+00   5.3403994e-02
   9.0680501e+00   5.3726352e-02
   9.1219386e+00   5.4050656e-02
   9.1761524e+00   5.4376918e-02
   9.2306935e+00   5.4705149e-02
   9.2855637e+00   5.5035361e-02
   9.3407652e+00   5.5367566e-02
   9.3962998e+00   5.5701777e-02
   9.4521697e+00   5.6038005e-02
   9.5083769e+00   5.6376263e-02
   9.5649233e+00   5.6716562e-02
   9.6218110e+00   5.7058915e-02
   9.6790421e+00   5.7403335e-02
   9.7366187e+00   5.7749834e-02
   9.7945429e+00   5.8098425e-02
   9.8528166e+00   5.8449120e-02
   9.9114422e+00   5.8801931e-02
   9.9704216e+00   5.9156872e-02
