   1.5064062e-03   3.0128125e-03
   4.5192187e-03   3.0128125e-03
   7.5320312e-03   3.0128125e-03
   1.0544844e-02   3.0128125e-03
   1.3557656e-02   3.0128125e-03
   1.6570469e-02   3.0128125e-03
   1.9583281e-02   3.0128125e-03
   2.2596094e-02   3.0128125e-03
   2.5608906e-02   3.0128125e-03
   2.8621719e-02   3.0128125e-03
   3.1634531e-02   3.0128125e-03
   3.4647344e-02   3.0128125e-03
   3.7660156e-02   3.0128125e-03
   4.0672969e-02   3.0128125e-03
   4.3685781e-02   3.0128125e-03
   4.6698594e-02   3.0128125e-03
   4.9711406e-02   3.0128125e-03
   5.2724219e-02   3.0128125e-03
   5.5737031e-02   3.0128125e-03
   5.8749844e-02   3.0128125e-03
   6.1762656e-02   3.0128125e-03
   6.4775469e-02   3.0128125e-03
   6.7788281e-02   3.0128125e-03
   7.0801094e-02   3.0128125e-03
   7.3813906e-02   3.0128125e-03
   7.6826719e-02   3.0128125e-03
   7.9839531e-02   3.0128125e-03
   8.2852344e-02   3.0128125e-03
   8.5865156e-02   3.0128125e-03
   8.8877969e-02   3.0128125e-03
   9.1890781e-02   3.0128125e-03
   9.4903594e-02   3.0128125e-03
   9.7916406e-02   3.0128125e-03
   1.0092922e-01   3.0128125e-03
   1.0394203e-01   3.0128125e-03
   1.0695484e-01   3.0128125e-03
   1.0996766e-01   3.0128125e-03
   1.1298047e-01   3.0128125e-03
   1.1599328e-01   3.0128125e-03
   1.1900609e-01   3.0128125e-03
   1.2201891e-01   3.0128125e-03
   1.2503172e-01   3.0128125e-03
   1.2804453e-01   3.0128125e-03
   1.3105734e-01   3.0128125e-03
   1.3407016e-01   3.0128125e-03
   1.3708297e-01   3.0128125e-03
   1.4009578e-01   3.0128125e-03
   1.4310859e-01   3.0128125e-03
   1.4612141e-01   3.0128125e-03
   1.4913422e-01   3.0128125e-03
   1.5214703e-01   3.0128125e-03
   1.5515984e-01   3.0128125e-03
   1.5817266e-01   3.0128125e-03
   1.6118547e-01   3.0128125e-03
   1.6419828e-01   3.0128125e-03
   1.6721109e-01   3.0128125e-03
   1.7022391e-01   3.0128125e-03
   1.7323672e-01   3.0128125e-03
   1.7624953e-01   3.0128125e-03
   1.7926234e-01   3.0128125e-03
   1.8227516e-01   3.0128125e-03
   1.8528797e-01   3.0128125e-03
   1.8830078e-01   3.0128125e-03
   1.9131359e-01   3.0128125e-03
   1.9432641e-01   3.0128125e-03
   1.9733922e-01   3.0128125e-03
   2.0035203e-01   3.0128125e-03
   2.0336484e-01   3.0128125e-03
   2.0637766e-01   3.0128125e-03
   2.0939047e-01   3.0128125e-03
   2.1240328e-01   3.0128125e-03
   2.1541609e-01   3.0128125e-03
   2.1842891e-01   3.0128125e-03
   2.2144172e-01   3.0128125e-03
   2.2445453e-01   3.0128125e-03
   2.2746734e-01   3.0128125e-03
   2.3048016e-01   3.0128125e-03
   2.3349297e-01   3.0128125e-03
   2.3650578e-01   3.0128125e-03
   2.3951859e-01   3.0128125e-03
   2.4253141e-01   3.0128125e-03
   2.4554422e-01   3.0128125e-03
   2.4855703e-01   3.0128125e-03
   2.5156984e-01   3.0128125e-03
   2.5458266e-01   3.0128125e-03
   2.5759547e-01   3.0128125e-03
   2.6060828e-01   3.0128125e-03
   2.6362109e-01   3.0128125e-03
   2.6663391e-01   3.0128125e-03
   2.6964672e-01   3.0128125e-03
   2.7265953e-01   3.0128125e-03
   2.7567234e-01   3.0128125e-03
   2.7868516e-01   3.0128125e-03
   2.8169797e-01   3.0128125e-03
   2.8471078e-01   3.0128125e-03
   2.8772359e-01   3.0128125e-03
   2.8984437e-01   1.2287500e-03
   2.9107312e-01   1.2287500e-03
   2.9230187e-01   1.2287500e-03
   2.9353062e-01   1.2287500e-03
   2.9475937e-01   1.2287500e-03
   2.9598812e-01   1.2287500e-03
   2.9721687e-01   1.2287500e-03
   2.9844562e-01   1.2287500e-03
   2.9967437e-01   1.2287500e-03
   3.0090312e-01   1.2287500e-03
   3.0213187e-01   1.2287500e-03
   3.0336062e-01   1.2287500e-03
   3.0458938e-01   1.2287500e-03
   3.0581813e-01   1.2287500e-03
   3.0704688e-01   1.2287500e-03
   3.0827563e-01   1.2287500e-03
   3.0950438e-01   1.2287500e-03
   3.1073313e-01   1.2287500e-03
   3.1196188e-01   1.2287500e-03
   3.1319063e-01   1.2287500e-03
   3.1441938e-01   1.2287500e-03
   3.1564813e-01   1.2287500e-03
   3.1687688e-01   1.2287500e-03
   3.1810563e-01   1.2287500e-03
   3.1933438e-01   1.2287500e-03
   3.2056313e-01   1.2287500e-03
   3.2179188e-01   1.2287500e-03
   3.2302063e-01   1.2287500e-03
   3.2424938e-01   1.2287500e-03
   3.2547813e-01   1.2287500e-03
   3.2670688e-01   1.2287500e-03
   3.2793563e-01   1.2287500e-03
   3.2916438e-01   1.2287500e-03
   3.3039313e-01   1.2287500e-03
   3.3162188e-01   1.2287500e-03
   3.3285063e-01   1.2287500e-03
   3.3407938e-01   1.2287500e-03
   3.3530813e-01   1.2287500e-03
   3.3653688e-01   1.2287500e-03
   3.3776563e-01   1.2287500e-03
   3.3899438e-01   1.2287500e-03
   3.4022313e-01   1.2287500e-03
   3.4145188e-01   1.2287500e-03
   3.4268063e-01   1.2287500e-03
   3.4390938e-01   1.2287500e-03
   3.4513813e-01   1.2287500e-03
   3.4636688e-01   1.2287500e-03
   3.4759563e-01   1.2287500e-03
   3.4896313e-01   1.5062500e-03
   3.5046937e-01   1.5062500e-03
   3.5197563e-01   1.5062500e-03
   3.5348188e-01   1.5062500e-03
   3.5498812e-01   1.5062500e-03
   3.5649438e-01   1.5062500e-03
   3.5800062e-01   1.5062500e-03
   3.5950688e-01   1.5062500e-03
   3.6101313e-01   1.5062500e-03
   3.6251937e-01   1.5062500e-03
   3.6402563e-01   1.5062500e-03
   3.6553188e-01   1.5062500e-03
   3.6703812e-01   1.5062500e-03
   3.6854438e-01   1.5062500e-03
   3.7005062e-01   1.5062500e-03
   3.7155688e-01   1.5062500e-03
   3.7306313e-01   1.5062500e-03
   3.7456937e-01   1.5062500e-03
   3.7607563e-01   1.5062500e-03
   3.7758187e-01   1.5062500e-03
   3.7908813e-01   1.5062500e-03
   3.8059438e-01   1.5062500e-03
   3.8210062e-01   1.5062500e-03
   3.8360688e-01   1.5062500e-03
   3.8511313e-01   1.5062500e-03
   3.8661937e-01   1.5062500e-03
   3.8812563e-01   1.5062500e-03
   3.8963187e-01   1.5062500e-03
   3.9113813e-01   1.5062500e-03
   3.9264438e-01   1.5062500e-03
   3.9415062e-01   1.5062500e-03
   3.9565688e-01   1.5062500e-03
   3.9716313e-01   1.5062500e-03
   3.9866937e-01   1.5062500e-03
   4.0017563e-01   1.5062500e-03
   4.0168187e-01   1.5062500e-03
   4.0318813e-01   1.5062500e-03
   4.0469438e-01   1.5062500e-03
   4.0620062e-01   1.5062500e-03
   4.0770688e-01   1.5062500e-03
   4.0921312e-01   1.5062500e-03
   4.1071938e-01   1.5062500e-03
   4.1222563e-01   1.5062500e-03
   4.1373187e-01   1.5062500e-03
   4.1523813e-01   1.5062500e-03
   4.1674438e-01   1.5062500e-03
   4.1825062e-01   1.5062500e-03
   4.1975688e-01   1.5062500e-03
   4.2175646e-01   2.4929167e-03
   4.2424938e-01   2.4929167e-03
   4.2674229e-01   2.4929167e-03
   4.2923521e-01   2.4929167e-03
   4.3172813e-01   2.4929167e-03
   4.3422104e-01   2.4929167e-03
   4.3671396e-01   2.4929167e-03
   4.3920688e-01   2.4929167e-03
   4.4169979e-01   2.4929167e-03
   4.4419271e-01   2.4929167e-03
   4.4668562e-01   2.4929167e-03
   4.4917854e-01   2.4929167e-03
   4.5167146e-01   2.4929167e-03
   4.5416437e-01   2.4929167e-03
   4.5665729e-01   2.4929167e-03
   4.5915021e-01   2.4929167e-03
   4.6164313e-01   2.4929167e-03
   4.6413604e-01   2.4929167e-03
   4.6662896e-01   2.4929167e-03
   4.6912188e-01   2.4929167e-03
   4.7161479e-01   2.4929167e-03
   4.7410771e-01   2.4929167e-03
   4.7660063e-01   2.4929167e-03
   4.7909354e-01   2.4929167e-03
   4.8158646e-01   2.4929167e-03
   4.8407937e-01   2.4929167e-03
   4.8657229e-01   2.4929167e-03
   4.8906521e-01   2.4929167e-03
   4.9155812e-01   2.4929167e-03
   4.9405104e-01   2.4929167e-03
   4.9654396e-01   2.4929167e-03
   4.9903687e-01   2.4929167e-03
   5.0152979e-01   2.4929167e-03
   5.0402271e-01   2.4929167e-03
   5.0651563e-01   2.4929167e-03
   5.0900854e-01   2.4929167e-03
   5.1150146e-01   2.4929167e-03
   5.1399438e-01   2.4929167e-03
   5.1648729e-01   2.4929167e-03
   5.1898021e-01   2.4929167e-03
   5.2147312e-01   2.4929167e-03
   5.2396604e-01   2.4929167e-03
   5.2645896e-01   2.4929167e-03
   5.2895187e-01   2.4929167e-03
   5.3144479e-01   2.4929167e-03
   5.3393771e-01   2.4929167e-03
   5.3643062e-01   2.4929167e-03
   5.3892354e-01   2.4929167e-03
   5.4141646e-01   2.4929167e-03
   5.4390937e-01   2.4929167e-03
   5.4640229e-01   2.4929167e-03
   5.4889521e-01   2.4929167e-03
   5.5138813e-01   2.4929167e-03
   5.5388104e-01   2.4929167e-03
   5.5637396e-01   2.4929167e-03
   5.5886687e-01   2.4929167e-03
   5.6135979e-01   2.4929167e-03
   5.6385271e-01   2.4929167e-03
   5.6634563e-01   2.4929167e-03
   5.6883854e-01   2.4929167e-03
   5.7133146e-01   2.4929167e-03
   5.7382438e-01   2.4929167e-03
   5.7631729e-01   2.4929167e-03
   5.7881021e-01   2.4929167e-03
   5.8130313e-01   2.4929167e-03
   5.8379604e-01   2.4929167e-03
   5.8628896e-01   2.4929167e-03
   5.8878188e-01   2.4929167e-03
   5.9127479e-01   2.4929167e-03
   5.9376771e-01   2.4929167e-03
   5.9626062e-01   2.4929167e-03
   5.9875354e-01   2.4929167e-03
   6.0072917e-01   1.4583333e-03
   6.0218750e-01   1.4583333e-03
   6.0364583e-01   1.4583333e-03
   6.0510417e-01   1.4583333e-03
   6.0656250e-01   1.4583333e-03
   6.0802083e-01   1.4583333e-03
   6.0947917e-01   1.4583333e-03
   6.1093750e-01   1.4583333e-03
   6.1239583e-01   1.4583333e-03
   6.1385417e-01   1.4583333e-03
   6.1531250e-01   1.4583333e-03
   6.1677083e-01   1.4583333e-03
   6.1822917e-01   1.4583333e-03
   6.1968750e-01   1.4583333e-03
   6.2114583e-01   1.4583333e-03
   6.2260417e-01   1.4583333e-03
   6.2406250e-01   1.4583333e-03
   6.2552083e-01   1.4583333e-03
   6.2697917e-01   1.4583333e-03
   6.2843750e-01   1.4583333e-03
   6.2989583e-01   1.4583333e-03
   6.3135417e-01   1.4583333e-03
   6.3281250e-01   1.4583333e-03
   6.3427083e-01   1.4583333e-03
   6.3572917e-01   1.4583333e-03
   6.3718750e-01   1.4583333e-03
   6.3864583e-01   1.4583333e-03
   6.4010417e-01   1.4583333e-03
   6.4156250e-01   1.4583333e-03
   6.4302083e-01   1.4583333e-03
   6.4447917e-01   1.4583333e-03
   6.4593750e-01   1.4583333e-03
   6.4739583e-01   1.4583333e-03
   6.4885417e-01   1.4583333e-03
   6.5031250e-01   1.4583333e-03
   6.5177083e-01   1.4583333e-03
   6.5322917e-01   1.4583333e-03
   6.5468750e-01   1.4583333e-03
   6.5614583e-01   1.4583333e-03
   6.5760417e-01   1.4583333e-03
   6.5906250e-01   1.4583333e-03
   6.6052083e-01   1.4583333e-03
   6.6197917e-01   1.4583333e-03
   6.6343750e-01   1.4583333e-03
   6.6489583e-01   1.4583333e-03
   6.6635417e-01   1.4583333e-03
   6.6781250e-01   1.4583333e-03
   6.6927083e-01   1.4583333e-03
   6.7052083e-01   1.0416667e-03
   6.7156250e-01   1.0416667e-03
   6.7260417e-01   1.0416667e-03
   6.7364583e-01   1.0416667e-03
   6.7468750e-01   1.0416667e-03
   6.7572917e-01   1.0416667e-03
   6.7677083e-01   1.0416667e-03
   6.7781250e-01   1.0416667e-03
   6.7885417e-01   1.0416667e-03
   6.7989583e-01   1.0416667e-03
   6.8093750e-01   1.0416667e-03
   6.8197917e-01   1.0416667e-03
   6.8302083e-01   1.0416667e-03
   6.8406250e-01   1.0416667e-03
   6.8510417e-01   1.0416667e-03
   6.8614583e-01   1.0416667e-03
   6.8718750e-01   1.0416667e-03
   6.8822917e-01   1.0416667e-03
   6.8927083e-01   1.0416667e-03
   6.9031250e-01   1.0416667e-03
   6.9135417e-01   1.0416667e-03
   6.9239583e-01   1.0416667e-03
   6.9343750e-01   1.0416667e-03
   6.9447917e-01   1.0416667e-03
   6.9552083e-01   1.0416667e-03
   6.9656250e-01   1.0416667e-03
   6.9760417e-01   1.0416667e-03
   6.9864583e-01   1.0416667e-03
   6.9968750e-01   1.0416667e-03
   7.0072917e-01   1.0416667e-03
   7.0177083e-01   1.0416667e-03
   7.0281250e-01   1.0416667e-03
   7.0385417e-01   1.0416667e-03
   7.0489583e-01   1.0416667e-03
   7.0593750e-01   1.0416667e-03
   7.0697917e-01   1.0416667e-03
   7.0802083e-01   1.0416667e-03
   7.0906250e-01   1.0416667e-03
   7.1010417e-01   1.0416667e-03
   7.1114583e-01   1.0416667e-03
   7.1218750e-01   1.0416667e-03
   7.1322917e-01   1.0416667e-03
   7.1427083e-01   1.0416667e-03
   7.1531250e-01   1.0416667e-03
   7.1635417e-01   1.0416667e-03
   7.1739583e-01   1.0416667e-03
   7.1843750e-01   1.0416667e-03
   7.1947917e-01   1.0416667e-03
   7.2083333e-01   1.6666667e-03
   7.2250000e-01   1.6666667e-03
   7.2416667e-01   1.6666667e-03
   7.2583333e-01   1.6666667e-03
   7.2750000e-01   1.6666667e-03
   7.2916667e-01   1.6666667e-03
   7.3083333e-01   1.6666667e-03
   7.3250000e-01   1.6666667e-03
   7.3416667e-01   1.6666667e-03
   7.3583333e-01   1.6666667e-03
   7.3750000e-01   1.6666667e-03
   7.3916667e-01   1.6666667e-03
   7.4083333e-01   1.6666667e-03
   7.4250000e-01   1.6666667e-03
   7.4416667e-01   1.6666667e-03
   7.4583333e-01   1.6666667e-03
   7.4750000e-01   1.6666667e-03
   7.4916667e-01   1.6666667e-03
   7.5083333e-01   1.6666667e-03
   7.5250000e-01   1.6666667e-03
   7.5416667e-01   1.6666667e-03
   7.5583333e-01   1.6666667e-03
   7.5750000e-01   1.6666667e-03
   7.5916667e-01   1.6666667e-03
   7.6083333e-01   1.6666667e-03
   7.6250000e-01   1.6666667e-03
   7.6416667e-01   1.6666667e-03
   7.6583333e-01   1.6666667e-03
   7.6750000e-01   1.6666667e-03
   7.6916667e-01   1.6666667e-03
   7.7083333e-01   1.6666667e-03
   7.7250000e-01   1.6666667e-03
   7.7416667e-01   1.6666667e-03
   7.7583333e-01   1.6666667e-03
   7.7750000e-01   1.6666667e-03
   7.7916667e-01   1.6666667e-03
   7.8083333e-01   1.6666667e-03
   7.8250000e-01   1.6666667e-03
   7.8416667e-01   1.6666667e-03
   7.8583333e-01   1.6666667e-03
   7.8750000e-01   1.6666667e-03
   7.8916667e-01   1.6666667e-03
   7.9083333e-01   1.6666667e-03
   7.9250000e-01   1.6666667e-03
   7.9416667e-01   1.6666667e-03
   7.9583333e-01   1.6666667e-03
   7.9750000e-01   1.6666667e-03
   7.9916667e-01   1.6666667e-03
   8.0091890e-01   1.8378000e-03
   8.0276359e-01   1.8515835e-03
   8.0462212e-01   1.8654704e-03
   8.0649458e-01   1.8794614e-03
   8.0838109e-01   1.8935574e-03
   8.1028175e-01   1.9077591e-03
   8.1219667e-01   1.9220673e-03
   8.1412594e-01   1.9364828e-03
   8.1606968e-01   1.9510064e-03
   8.1802801e-01   1.9656389e-03
   8.2000102e-01   1.9803812e-03
   8.2198883e-01   1.9952341e-03
   8.2399154e-01   2.0101983e-03
   8.2600928e-01   2.0252748e-03
   8.2804215e-01   2.0404644e-03
   8.3009026e-01   2.0557679e-03
   8.3215374e-01   2.0711861e-03
   8.3423269e-01   2.0867200e-03
   8.3632724e-01   2.1023704e-03
   8.3843749e-01   2.1181382e-03
   8.4056357e-01   2.1340242e-03
   8.4270560e-01   2.1500294e-03
   8.4486369e-01   2.1661546e-03
   8.4703797e-01   2.1824008e-03
   8.4922856e-01   2.1987688e-03
   8.5143557e-01   2.2152596e-03
   8.5365914e-01   2.2318740e-03
   8.5589938e-01   2.2486131e-03
   8.5815643e-01   2.2654777e-03
   8.6043040e-01   2.2824688e-03
   8.6272143e-01   2.2995873e-03
   8.6502964e-01   2.3168342e-03
   8.6735516e-01   2.3342104e-03
   8.6969812e-01   2.3517170e-03
   8.7205866e-01   2.3693549e-03
   8.7443690e-01   2.3871250e-03
   8.7683298e-01   2.4050285e-03
   8.7924702e-01   2.4230662e-03
   8.8167918e-01   2.4412392e-03
   8.8412957e-01   2.4595485e-03
   8.8659834e-01   2.4779951e-03
   8.8908563e-01   2.4965801e-03
   8.9159157e-01   2.5153044e-03
   8.9411631e-01   2.5341692e-03
   8.9665998e-01   2.5531755e-03
   8.9922273e-01   2.5723243e-03
   9.0180470e-01   2.5916167e-03
   9.0440604e-01   2.6110538e-03
   9.0702688e-01   2.6306367e-03
   9.0966738e-01   2.6503665e-03
   9.1232769e-01   2.6702443e-03
   9.1500795e-01   2.6902711e-03
   9.1770831e-01   2.7104481e-03
   9.2042892e-01   2.7307765e-03
   9.2316994e-01   2.7512573e-03
   9.2593151e-01   2.7718918e-03
   9.2871380e-01   2.7926809e-03
   9.3151695e-01   2.8136260e-03
   9.3434113e-01   2.8347282e-03
   9.3718649e-01   2.8559887e-03
   9.4005318e-01   2.8774086e-03
   9.4294138e-01   2.8989892e-03
   9.4585124e-01   2.9207316e-03
   9.4878293e-01   2.9426371e-03
   9.5173660e-01   2.9647069e-03
   9.5471242e-01   2.9869422e-03
   9.5771057e-01   3.0093442e-03
   9.6073120e-01   3.0319143e-03
   9.6377448e-01   3.0546537e-03
   9.6684059e-01   3.0775636e-03
   9.6992969e-01   3.1006453e-03
   9.7304197e-01   3.1239001e-03
   9.7617758e-01   3.1473294e-03
   9.7933671e-01   3.1709344e-03
   9.8251954e-01   3.1947164e-03
   9.8572624e-01   3.2186767e-03
   9.8895698e-01   3.2428168e-03
   9.9221196e-01   3.2671379e-03
   9.9549135e-01   3.2916415e-03
   9.9879533e-01   3.3163288e-03
   1.0021241e+00   3.3412013e-03
   1.0054778e+00   3.3662602e-03
   1.0088567e+00   3.3915072e-03
   1.0122609e+00   3.4169436e-03
   1.0156907e+00   3.4425706e-03
   1.0191462e+00   3.4683898e-03
   1.0226276e+00   3.4944028e-03
   1.0261351e+00   3.5206109e-03
   1.0296689e+00   3.5470154e-03
   1.0332292e+00   3.5736180e-03
   1.0368162e+00   3.6004201e-03
   1.0404302e+00   3.6274233e-03
   1.0440712e+00   3.6546290e-03
   1.0477395e+00   3.6820387e-03
   1.0514354e+00   3.7096540e-03
   1.0551589e+00   3.7374764e-03
   1.0589104e+00   3.7655075e-03
   1.0626900e+00   3.7937487e-03
   1.0664980e+00   3.8222019e-03
   1.0703346e+00   3.8508684e-03
   1.0741999e+00   3.8797499e-03
   1.0780942e+00   3.9088481e-03
   1.0820177e+00   3.9381644e-03
   1.0859706e+00   3.9677006e-03
   1.0899532e+00   3.9974584e-03
   1.0939656e+00   4.0274393e-03
   1.0980082e+00   4.0576451e-03
   1.1020810e+00   4.0880775e-03
   1.1061844e+00   4.1187380e-03
   1.1103186e+00   4.1496286e-03
   1.1144838e+00   4.1807508e-03
   1.1186802e+00   4.2121064e-03
   1.1229081e+00   4.2436972e-03
   1.1271678e+00   4.2755250e-03
   1.1314593e+00   4.3075913e-03
   1.1357831e+00   4.3398984e-03
   1.1401392e+00   4.3724475e-03
   1.1445281e+00   4.4052409e-03
   1.1489498e+00   4.4382802e-03
   1.1534048e+00   4.4715674e-03
   1.1578931e+00   4.5051040e-03
   1.1624151e+00   4.5388924e-03
   1.1669710e+00   4.5729340e-03
   1.1715611e+00   4.6072311e-03
   1.1761856e+00   4.6417853e-03
   1.1808448e+00   4.6765987e-03
   1.1855389e+00   4.7116731e-03
   1.1902683e+00   4.7470107e-03
   1.1950331e+00   4.7826133e-03
   1.1998336e+00   4.8184829e-03
   1.2046702e+00   4.8546215e-03
   1.2095430e+00   4.8910312e-03
   1.2144524e+00   4.9277139e-03
   1.2193986e+00   4.9646718e-03
   1.2243819e+00   5.0019068e-03
   1.2294025e+00   5.0394211e-03
   1.2344608e+00   5.0772168e-03
   1.2395571e+00   5.1152959e-03
   1.2446916e+00   5.1536606e-03
   1.2498646e+00   5.1923130e-03
   1.2550763e+00   5.2312555e-03
   1.2603272e+00   5.2704898e-03
   1.2656175e+00   5.3100185e-03
   1.2709474e+00   5.3498436e-03
   1.2763173e+00   5.3899675e-03
   1.2817275e+00   5.4303922e-03
   1.2871782e+00   5.4711202e-03
   1.2926699e+00   5.5121535e-03
   1.2982027e+00   5.5534948e-03
   1.3037770e+00   5.5951459e-03
   1.3093932e+00   5.6371095e-03
   1.3150514e+00   5.6793879e-03
   1.3207521e+00   5.7219832e-03
   1.3264955e+00   5.7648981e-03
   1.3322820e+00   5.8081349e-03
   1.3381120e+00   5.8516959e-03
   1.3439856e+00   5.8955836e-03
   1.3499033e+00   5.9398004e-03
   1.3558654e+00   5.9843490e-03
   1.3618722e+00   6.0292316e-03
   1.3679240e+00   6.0744508e-03
   1.3740212e+00   6.1200092e-03
   1.3801642e+00   6.1659093e-03
   1.3863532e+00   6.2121536e-03
   1.3925887e+00   6.2587448e-03
   1.3988709e+00   6.3056853e-03
   1.4052002e+00   6.3529780e-03
   1.4115770e+00   6.4006253e-03
   1.4180016e+00   6.4486300e-03
   1.4244745e+00   6.4969947e-03
   1.4309958e+00   6.5457222e-03
   1.4375661e+00   6.5948151e-03
   1.4441856e+00   6.6442762e-03
   1.4508548e+00   6.6941083e-03
   1.4575740e+00   6.7443141e-03
   1.4643436e+00   6.7948965e-03
   1.4711640e+00   6.8458581e-03
   1.4780355e+00   6.8972022e-03
   1.4849586e+00   6.9489311e-03
   1.4919336e+00   7.0010481e-03
   1.4989609e+00   7.0535560e-03
   1.5060409e+00   7.1064576e-03
   1.5131740e+00   7.1597561e-03
   1.5203606e+00   7.2134543e-03
   1.5276011e+00   7.2675551e-03
   1.5348959e+00   7.3220618e-03
   1.5422455e+00   7.3769773e-03
   1.5496501e+00   7.4323046e-03
   1.5571103e+00   7.4880469e-03
   1.5646264e+00   7.5442073e-03
   1.5721989e+00   7.6007888e-03
   1.5798282e+00   7.6577947e-03
   1.5875147e+00   7.7152282e-03
   1.5952589e+00   7.7730924e-03
   1.6030611e+00   7.8313905e-03
   1.6109219e+00   7.8901260e-03
   1.6188416e+00   7.9493020e-03
   1.6268207e+00   8.0089217e-03
   1.6348596e+00   8.0689887e-03
   1.6429589e+00   8.1295060e-03
   1.6511189e+00   8.1904774e-03
   1.6593401e+00   8.2519059e-03
   1.6676229e+00   8.3137952e-03
   1.6759679e+00   8.3761487e-03
   1.6843755e+00   8.4389698e-03
   1.6928461e+00   8.5022621e-03
   1.7013802e+00   8.5660290e-03
   1.7099784e+00   8.6302743e-03
   1.7186410e+00   8.6950013e-03
   1.7273686e+00   8.7602138e-03
   1.7361617e+00   8.8259154e-03
   1.7450207e+00   8.8921098e-03
   1.7539461e+00   8.9588006e-03
   1.7629385e+00   9.0259916e-03
   1.7719984e+00   9.0936866e-03
   1.7811262e+00   9.1618892e-03
   1.7903224e+00   9.2306034e-03
   1.7995876e+00   9.2998329e-03
   1.8089223e+00   9.3695816e-03
   1.8183271e+00   9.4398535e-03
   1.8278023e+00   9.5106524e-03
   1.8373486e+00   9.5819824e-03
   1.8469665e+00   9.6538471e-03
   1.8566566e+00   9.7262511e-03
   1.8664193e+00   9.7991979e-03
   1.8762553e+00   9.8726919e-03
   1.8861650e+00   9.9467370e-03
   1.8961490e+00   1.0021338e-02
   1.9062079e+00   1.0096498e-02
   1.9163423e+00   1.0172221e-02
   1.9265527e+00   1.0248513e-02
   1.9368396e+00   1.0325377e-02
   1.9472037e+00   1.0402817e-02
   1.9576455e+00   1.0480838e-02
   1.9681657e+00   1.0559445e-02
   1.9787647e+00   1.0638641e-02
   1.9894432e+00   1.0718430e-02
   2.0002019e+00   1.0798819e-02
   2.0110412e+00   1.0879810e-02
   2.0219618e+00   1.0961408e-02
   2.0329643e+00   1.1043619e-02
   2.0440493e+00   1.1126446e-02
   2.0552175e+00   1.1209894e-02
   2.0664694e+00   1.1293968e-02
   2.0778058e+00   1.1378673e-02
   2.0892271e+00   1.1464013e-02
   2.1007341e+00   1.1549993e-02
   2.1123274e+00   1.1636618e-02
   2.1240077e+00   1.1723893e-02
   2.1357755e+00   1.1811822e-02
   2.1476316e+00   1.1900411e-02
   2.1595767e+00   1.1989664e-02
   2.1716113e+00   1.2079586e-02
   2.1837362e+00   1.2170183e-02
   2.1959520e+00   1.2261460e-02
   2.2082595e+00   1.2353421e-02
   2.2206592e+00   1.2446071e-02
   2.2331519e+00   1.2539417e-02
   2.2457384e+00   1.2633462e-02
   2.2584192e+00   1.2728213e-02
   2.2711952e+00   1.2823675e-02
   2.2840669e+00   1.2919853e-02
   2.2970352e+00   1.3016751e-02
   2.3101008e+00   1.3114377e-02
   2.3232644e+00   1.3212735e-02
   2.3365266e+00   1.3311830e-02
   2.3498884e+00   1.3411669e-02
   2.3633503e+00   1.3512257e-02
   2.3769133e+00   1.3613599e-02
   2.3905779e+00   1.3715701e-02
   2.4043451e+00   1.3818568e-02
   2.4182154e+00   1.3922208e-02
   2.4321899e+00   1.4026624e-02
   2.4462691e+00   1.4131824e-02
   2.4604539e+00   1.4237813e-02
   2.4747451e+00   1.4344596e-02
   2.4891435e+00   1.4452181e-02
   2.5036499e+00   1.4560572e-02
   2.5182650e+00   1.4669776e-02
   2.5329898e+00   1.4779800e-02
   2.5478251e+00   1.4890648e-02
   2.5627715e+00   1.5002328e-02
   2.5778301e+00   1.5114845e-02
   2.5930017e+00   1.5228207e-02
   2.6082870e+00   1.5342418e-02
   2.6236869e+00   1.5457486e-02
   2.6392024e+00   1.5573418e-02
   2.6548342e+00   1.5690218e-02
   2.6705833e+00   1.5807895e-02
   2.6864504e+00   1.5926454e-02
   2.7024366e+00   1.6045903e-02
   2.7185427e+00   1.6166247e-02
   2.7347695e+00   1.6287494e-02
   2.7511181e+00   1.6409650e-02
   2.7675893e+00   1.6532722e-02
   2.7841840e+00   1.6656718e-02
   2.8009032e+00   1.6781643e-02
   2.8177478e+00   1.6907505e-02
   2.8347187e+00   1.7034312e-02
   2.8518169e+00   1.7162069e-02
   2.8690433e+00   1.7290784e-02
   2.8863989e+00   1.7420465e-02
   2.9038847e+00   1.7551119e-02
   2.9215017e+00   1.7682752e-02
   2.9392507e+00   1.7815373e-02
   2.9571329e+00   1.7948988e-02
   2.9751492e+00   1.8083606e-02
   2.9933006e+00   1.8219232e-02
   3.0115882e+00   1.8355877e-02
   3.0300129e+00   1.8493546e-02
   3.0485758e+00   1.8632247e-02
   3.0672779e+00   1.8771989e-02
   3.0861203e+00   1.8912779e-02
   3.1051040e+00   1.9054625e-02
   3.1242301e+00   1.9197535e-02
   3.1434996e+00   1.9341516e-02
   3.1629136e+00   1.9486578e-02
   3.1824733e+00   1.9632727e-02
   3.2021796e+00   1.9779972e-02
   3.2220338e+00   1.9928322e-02
   3.2420368e+00   2.0077785e-02
   3.2621899e+00   2.0228368e-02
   3.2824941e+00   2.0380081e-02
   3.3029506e+00   2.0532931e-02
   3.3235606e+00   2.0686928e-02
   3.3443251e+00   2.0842080e-02
   3.3652453e+00   2.0998396e-02
   3.3863225e+00   2.1155884e-02
   3.4075577e+00   2.1314553e-02
   3.4289522e+00   2.1474412e-02
   3.4505071e+00   2.1635470e-02
   3.4722237e+00   2.1797736e-02
   3.4941032e+00   2.1961219e-02
   3.5161468e+00   2.2125928e-02
   3.5383557e+00   2.2291873e-02
   3.5607311e+00   2.2459062e-02
   3.5832744e+00   2.2627505e-02
   3.6059868e+00   2.2797211e-02
   3.6288695e+00   2.2968190e-02
   3.6519238e+00   2.3140452e-02
   3.6751510e+00   2.3314005e-02
   3.6985524e+00   2.3488860e-02
   3.7221294e+00   2.3665027e-02
   3.7458832e+00   2.3842514e-02
   3.7698151e+00   2.4021333e-02
   3.7939265e+00   2.4201493e-02
   3.8182187e+00   2.4383004e-02
   3.8426932e+00   2.4565877e-02
   3.8673512e+00   2.4750121e-02
   3.8921941e+00   2.4935747e-02
   3.9172234e+00   2.5122765e-02
   3.9424404e+00   2.5311186e-02
   3.9678465e+00   2.5501020e-02
   3.9934431e+00   2.5692277e-02
   4.0192317e+00   2.5884969e-02
   4.0452138e+00   2.6079107e-02
   4.0713907e+00   2.6274700e-02
   4.0977639e+00   2.6471760e-02
   4.1243349e+00   2.6670298e-02
   4.1511052e+00   2.6870326e-02
   4.1780763e+00   2.7071853e-02
   4.2052497e+00   2.7274892e-02
   4.2326269e+00   2.7479454e-02
   4.2602094e+00   2.7685550e-02
   4.2879987e+00   2.7893191e-02
   4.3159965e+00   2.8102390e-02
   4.3442043e+00   2.8313158e-02
   4.3726236e+00   2.8525507e-02
   4.4012561e+00   2.8739448e-02
   4.4301033e+00   2.8954994e-02
   4.4591669e+00   2.9172156e-02
   4.4884485e+00   2.9390948e-02
   4.5179496e+00   2.9611379e-02
   4.5476721e+00   2.9833465e-02
   4.5776174e+00   3.0057216e-02
   4.6077873e+00   3.0282645e-02
   4.6381835e+00   3.0509765e-02
   4.6688077e+00   3.0738588e-02
   4.6996616e+00   3.0969127e-02
   4.7307468e+00   3.1201396e-02
   4.7620652e+00   3.1435406e-02
   4.7936185e+00   3.1671172e-02
   4.8254085e+00   3.1908706e-02
   4.8574368e+00   3.2148021e-02
   4.8897054e+00   3.2389131e-02
   4.9222160e+00   3.2632050e-02
   4.9549704e+00   3.2876790e-02
   4.9879705e+00   3.3123366e-02
   5.0212181e+00   3.3371791e-02
   5.0547150e+00   3.3622080e-02
   5.0884632e+00   3.3874245e-02
   5.1224644e+00   3.4128302e-02
   5.1567207e+00   3.4384264e-02
   5.1912339e+00   3.4642146e-02
   5.2260060e+00   3.4901963e-02
   5.2610388e+00   3.5163727e-02
   5.2963344e+00   3.5427455e-02
   5.3318947e+00   3.5693161e-02
   5.3677217e+00   3.5960860e-02
   5.4038174e+00   3.6230566e-02
   5.4401839e+00   3.6502295e-02
   5.4768231e+00   3.6776063e-02
   5.5137370e+00   3.7051883e-02
   5.5509279e+00   3.7329772e-02
   5.5883976e+00   3.7609746e-02
   5.6261484e+00   3.7891819e-02
   5.6641823e+00   3.8176007e-02
   5.7025015e+00   3.8462327e-02
   5.7411080e+00   3.8750795e-02
   5.7800041e+00   3.9041426e-02
   5.8191920e+00   3.9334237e-02
   5.8586737e+00   3.9629243e-02
   5.8984516e+00   3.9926462e-02
   5.9385278e+00   4.0225911e-02
   5.9789045e+00   4.0527605e-02
   6.0195841e+00   4.0831562e-02
   6.0605688e+00   4.1137799e-02
   6.1018608e+00   4.1446333e-02
   6.1434626e+00   4.1757180e-02
   6.1853764e+00   4.2070359e-02
   6.2276045e+00   4.2385887e-02
   6.2701493e+00   4.2703781e-02
   6.3130132e+00   4.3024059e-02
   6.3561986e+00   4.3346740e-02
   6.3997079e+00   4.3671840e-02
   6.4435435e+00   4.3999379e-02
   6.4877079e+00   4.4329374e-02
   6.5322035e+00   4.4661845e-02
   6.5770329e+00   4.4996808e-02
   6.6221984e+00   4.5334284e-02
   6.6677027e+00   4.5674292e-02
   6.7135483e+00   4.6016849e-02
   6.7597377e+00   4.6361975e-02
   6.8062735e+00   4.6709690e-02
   6.8531584e+00   4.7060013e-02
   6.9003948e+00   4.7412963e-02
   6.9479856e+00   4.7768560e-02
   6.9959333e+00   4.8126824e-02
   7.0442406e+00   4.8487775e-02
   7.0929102e+00   4.8851434e-02
   7.1419448e+00   4.9217819e-02
   7.1913472e+00   4.9586953e-02
   7.2411201e+00   4.9958855e-02
   7.2912663e+00   5.0333547e-02
   7.3417886e+00   5.0711048e-02
   7.3926898e+00   5.1091381e-02
   7.4439728e+00   5.1474566e-02
   7.4956404e+00   5.1860626e-02
   7.5476955e+00   5.2249580e-02
   7.6001410e+00   5.2641452e-02
   7.6529799e+00   5.3036263e-02
   7.7062150e+00   5.3434035e-02
   7.7598494e+00   5.3834790e-02
   7.8138861e+00   5.4238551e-02
   7.8683281e+00   5.4645340e-02
   7.9231783e+00   5.5055181e-02
   7.9784400e+00   5.5468094e-02
   8.0341161e+00   5.5884105e-02
   8.0902097e+00   5.6303236e-02
   8.1467241e+00   5.6725510e-02
   8.2036623e+00   5.7150951e-02
   8.2610276e+00   5.7579584e-02
   8.3188231e+00   5.8011430e-02
   8.3770521e+00   5.8446516e-02
   8.4357178e+00   5.8884865e-02
   8.4948235e+00   5.9326502e-02
   8.5543724e+00   5.9771450e-02
   8.6143680e+00   6.0219736e-02
   8.6748136e+00   6.0671384e-02
   8.7357125e+00   6.1126420e-02
   8.7970681e+00   6.1584868e-02
   8.8588839e+00   6.2046754e-02
   8.9211634e+00   6.2512105e-02
   8.9839099e+00   6.2980946e-02
   9.0471270e+00   6.3453303e-02
   9.1108183e+00   6.3929202e-02
   9.1749872e+00   6.4408672e-02
   9.2396374e+00   6.4891737e-02
   9.3047725e+00   6.5378425e-02
   9.3703961e+00   6.5868763e-02
   9.4365119e+00   6.6362779e-02
   9.5031235e+00   6.6860499e-02
   9.5702347e+00   6.7361953e-02
   9.6378493e+00   6.7867168e-02
   9.7059710e+00   6.8376172e-02
   9.7746035e+00   6.8888993e-02
   9.8437509e+00   6.9405660e-02
   9.9134168e+00   6.9926203e-02
   9.9836052e+00   7.0450649e-02
   1.0054320e+01   7.0979029e-02
   1.0125565e+01   7.1511372e-02
   1.0197345e+01   7.2047707e-02
   1.0269663e+01   7.2588065e-02
   1.0342523e+01   7.3132475e-02
   1.0415930e+01   7.3680969e-02
   1.0489887e+01   7.4233577e-02
   1.0564399e+01   7.4790328e-02
   1.0639470e+01   7.5351255e-02
   1.0715104e+01   7.5916390e-02
   1.0791305e+01   7.6485763e-02
   1.0868077e+01   7.7059406e-02
   1.0945426e+01   7.7637352e-02
   1.1023354e+01   7.8219631e-02
   1.1101867e+01   7.8806279e-02
   1.1180969e+01   7.9397326e-02
   1.1260664e+01   7.9992806e-02
   1.1340957e+01   8.0592752e-02
   1.1421852e+01   8.1197198e-02
   1.1503353e+01   8.1806177e-02
   1.1585466e+01   8.2419723e-02
   1.1668195e+01   8.3037871e-02
   1.1751544e+01   8.3660655e-02
   1.1835519e+01   8.4288110e-02
   1.1920123e+01   8.4920270e-02
   1.2005362e+01   8.5557173e-02
   1.2091240e+01   8.6198852e-02
   1.2177762e+01   8.6845343e-02
   1.2264933e+01   8.7496683e-02
   1.2352758e+01   8.8152908e-02
   1.2441241e+01   8.8814055e-02
   1.2530388e+01   8.9480160e-02
   1.2620204e+01   9.0151261e-02
   1.2710693e+01   9.0827396e-02
   1.2801861e+01   9.1508602e-02
   1.2893713e+01   9.2194916e-02
   1.2986254e+01   9.2886378e-02
   1.3079488e+01   9.3583025e-02
   1.3173422e+01   9.4284899e-02
   1.3268061e+01   9.4992035e-02
   1.3363409e+01   9.5704475e-02
   1.3459472e+01   9.6422259e-02
   1.3556256e+01   9.7145426e-02
   1.3653766e+01   9.7874017e-02
   1.3752007e+01   9.8608071e-02
   1.3850985e+01   9.9347633e-02
   1.3950705e+01   1.0009274e-01
   1.4051173e+01   1.0084343e-01
   1.4152395e+01   1.0159976e-01
   1.4254375e+01   1.0236176e-01
   1.4357121e+01   1.0312947e-01
   1.4460637e+01   1.0390294e-01
   1.4564930e+01   1.0468222e-01
   1.4670005e+01   1.0546733e-01
   1.4775867e+01   1.0625834e-01
   1.4882524e+01   1.0705527e-01
   1.4989981e+01   1.0785819e-01
   1.5098244e+01   1.0866713e-01
   1.5207318e+01   1.0948213e-01
   1.5317211e+01   1.1030325e-01
   1.5427928e+01   1.1113052e-01
   1.5539475e+01   1.1196400e-01
   1.5651859e+01   1.1280373e-01
   1.5765086e+01   1.1364976e-01
   1.5879162e+01   1.1450213e-01
   1.5994093e+01   1.1536090e-01
   1.6109887e+01   1.1622610e-01
   1.6226549e+01   1.1709780e-01
   1.6344085e+01   1.1797603e-01
   1.6462504e+01   1.1886085e-01
   1.6581811e+01   1.1975231e-01
   1.6702012e+01   1.2065045e-01
   1.6823115e+01   1.2155533e-01
   1.6945126e+01   1.2246699e-01
   1.7068052e+01   1.2338550e-01
   1.7191900e+01   1.2431089e-01
   1.7316677e+01   1.2524322e-01
   1.7442390e+01   1.2618254e-01
   1.7569046e+01   1.2712891e-01
   1.7696652e+01   1.2808238e-01
   1.7825214e+01   1.2904300e-01
   1.7954741e+01   1.3001082e-01
   1.8085240e+01   1.3098590e-01
   1.8216717e+01   1.3196829e-01
   1.8349180e+01   1.3295806e-01
   1.8482637e+01   1.3395524e-01
   1.8617094e+01   1.3495991e-01
   1.8752560e+01   1.3597211e-01
   1.8889042e+01   1.3699190e-01
   1.9026548e+01   1.3801934e-01
   1.9165085e+01   1.3905448e-01
   1.9304661e+01   1.4009739e-01
   1.9445283e+01   1.4114812e-01
   1.9586961e+01   1.4220673e-01
   1.9729701e+01   1.4327328e-01
   1.9873511e+01   1.4434783e-01
   2.0018400e+01   1.4543044e-01
   2.0164376e+01   1.4652117e-01
   2.0311447e+01   1.4762008e-01
   2.0459621e+01   1.4872723e-01
   2.0608906e+01   1.4984268e-01
   2.0759310e+01   1.5096650e-01
   2.0910843e+01   1.5209875e-01
   2.1063512e+01   1.5323949e-01
   2.1217326e+01   1.5438879e-01
   2.1372294e+01   1.5554670e-01
   2.1528424e+01   1.5671330e-01
   2.1685725e+01   1.5788865e-01
   2.1844205e+01   1.5907282e-01
   2.2003875e+01   1.6026586e-01
   2.2164742e+01   1.6146786e-01
   2.2326815e+01   1.6267887e-01
   2.2490104e+01   1.6389896e-01
   2.2654618e+01   1.6512820e-01
   2.2820365e+01   1.6636666e-01
   2.2987355e+01   1.6761441e-01
   2.3155598e+01   1.6887152e-01
   2.3325103e+01   1.7013806e-01
   2.3495879e+01   1.7141409e-01
   2.3667936e+01   1.7269970e-01
   2.3841284e+01   1.7399495e-01
   2.4015931e+01   1.7529991e-01
   2.4191888e+01   1.7661466e-01
   2.4369165e+01   1.7793927e-01
   2.4547772e+01   1.7927381e-01
   2.4727718e+01   1.8061837e-01
   2.4909013e+01   1.8197300e-01
